84.3384 36.8867
83.0681 34.2598
84.7822 31.2238
89.5342 24.7247
93.623 19.3688
94.6161 15.9218
93.2867 11.9646
90.5322 6.21946
84.5416 -2.11493
76.039 -9.45744
67.2783 -15.5347
60.959 -20.0412
58.4101 -24.0528
57.3574 -28.7737
55.6372 -32.2976
52.0099 -34.854
46.9882 -37.3567
41.0433 -37.3843
35.7222 -40.0852
31.5182 -44.4955
28.5269 -45.4878
27.0991 -46.3403
27.0378 -46.8955
27.8362 -47.8896
26.7585 -47.125
22.228 -47.0918
16.0684 -49.0342
9.10271 -52.4073
2.39776 -55.0547
-3.65872 -57.3811
-9.0219 -55.8432
-14.2971 -54.1664
-19.7622 -53.0465
-26.6775 -50.994
-34.9857 -48.1712
-43.2658 -48.0218
-50.6332 -49.0068
-57.3416 -48.2255
-63.1578 -46.6423
-68.2305 -44.6946
-73.0989 -41.1844
-77.3696 -39.0544
-81.3324 -37.3004
-85.3333 -36.2945
-89.513 -33.0324
-92.6913 -28.1489
-94.6205 -25.4633
-96.3411 -24.2673
-98.2651 -22.285
-99.7141 -19.7965
-99.6984 -18.0468
-97.8333 -17.253
-94.54 -13.85
-90.5734 -10.1792
-86.3227 -7.01744
-82.2781 -4.28035
-79.6842 -2.44444
-78.3244 -0.792385
-72.6376 2.88
-67.8023 6.3177
-62.1967 9.16642
-57.0544 10.3393
-52.0451 12.5842
-46.934 16.691
-42.183 19.7297
-38.4684 19.1083
-36.1889 19.1264
-35.2692 20.7617
-34.948 21.48
-33.9236 21.5859
-31.8106 22.4506
-29.3158 24.1817
-27.0796 25.0976
-25.2336 26.3699
-23.76 28.5113
-23.4538 29.5707
-23.7174 29.9793
-24.0294 31.3815
-24.0188 32.0344
-23.5929 32.9757
-22.8434 34.275
-21.9853 36.1913
-21.2532 37.8173
-21.1568 38.6076
-21.6307 38.5713
-21.8501 37.4619
-21.8505 35.9907
-21.4791 35.8981
-20.2561 35.7566
-18.862 35.3181
-17.5613 34.0751
-17.2553 32.9262
-17.9606 32.5481
-18.8382 31.9996
-19.1817 32.0304
-18.9467 32.2761
-18.6024 32.9125
-18.9851 32.5636
-20.0098 33.654
-21.1387 35.5023
-21.5637 37.2443
-20.9997 38.2629
-19.6681 40.131
-18.1285 42.6506
-16.337 43.7183
-15.3156 43.0392
-15.3282 41.3106
-16.0426 40.2691
-16.9122 39.8758
-17.1709 39.77
-16.5589 39.5695
-15.3202 39.9415
-14.6828 39.9966
-14.7896 40.3548
-15.6749 41.3291
-16.578 42.1997
-17.1652 43.0251
-17.1695 43.5299
-16.4843 44.3483
-15.7597 45.1819
-15.0607 46.1118
-14.9436 47.0349
-15.3277 48.312
-15.5986 49.2722
-15.8237 48.4222
-16.1979 45.4591
-16.2735 42.4349
-15.5844 41.1447
-14.0095 42.2139
-12.2266 44.2083
-10.3327 45.4605
-8.78096 45.7381
-8.42883 45.9232
-9.43544 45.4227
-10.8842 43.5696
-11.6477 41.3666
-11.3901 39.4082
-10.6252 37.9584
-9.44128 37.3903
-7.38331 37.33
-4.36974 36.8752
-1.52579 36.7779
0.524453 36.8751
1.88881 34.6305
3.39696 31.32
5.06109 28.4282
7.1903 26.5098
9.63213 25.6019
12.1288 23.7028
12.9025 21.5286
11.6657 19.2808
9.24431 16.805
5.77487 14.5746
1.68104 14.2948
-2.34848 16.3114
-5.29983 18.8676
-7.70526 21.3748
-10.0882 23.3272
-13.0139 24.4327
-17.8057 25.4537
-23.41 26.1603
-28.5078 27.6361
-31.1635 29.6543
-30.761 32.8177
-27.7058 36.1298
-22.6608 39.3597
-16.091 41.8094
-10.6171 48.2449
-7.89478 54.7706
-8.34482 60.9
-12.1468 66.5649
-20.0418 67.571
-31.6313 64.3302
-47.1997 62.8396
-65.9492 61.2801
-84.7437 59.166
-102.233 56.0531
-117.276 53.2708
-129.096 49.8125
-135.983 44.0684
-134.206 40.5903
-122.862 48.0226
-105.141 51.9208
-88.551 48.7673
-79.2119 45.5143
-79.6542 44.1256
-84.5088 38.7526
-86.5497 30.9525
-83.8705 23.362
-77.6263 19.9073
-69.5342 19.7897
-61.0136 21.5086
-53.4901 24.2976
-46.7166 25.8854
-40.4045 26.9002
-35.3843 29.5619
-31.2954 34.8003
-25.9907 40.311
-20.1002 48.0011
-13.3942 57.451
-5.32151 66.7134
1.09981 73.4996
2.77362 74.4633
-2.31965 75.6679
-23.8026 80.6905
-28.8564 84.4901
-29.1966 89.7012
-26.9433 93.9475
-24.8187 102.833
-23.1344 117.3
-18.4739 116.579
-9.10608 114.366
4.10748 108.086
17.2869 103.51
27.4104 88.8707
32.8758 72.3747
27.7484 55.3352
12.6121 46.7546
-3.18021 49.9892
-5.42776 46.6202
-1.02302 50.0658
1.40766 56.1348
2.47538 60.604
4.33571 65.0204
8.49455 57.532
11.515 47.029
8.83986 40.2507
0.461378 35.485
-10.7061 31.6231
-18.6705 23.3408
-18.2938 7.59599
-13.2658 -7.0087
-8.95702 -17.6433
-8.70127 -25.1992
-14.4502 -26.6967
-21.4268 -25.7383
-24.5863 -25.3647
-22.0433 -22.515
-14.6912 -15.6828
-6.18693 -7.20823
-0.87769 -3.26107
0.0192804 -1.61927
-0.638178 2.17471
-0.972603 8.87055
0.318543 17.5471
4.29905 23.2418
11.3996 25.9747
18.522 25.9728
22.4649 24.172
21.6356 22.8065
16.8607 23.5443
12.9893 21.4726
11.4457 16.6631
11.1161 5.25918
11.1414 -8.6829
9.85545 -21.2703
8.68933 -36.5752
10.0502 -59.4655
13.8703 -79.5811
17.8421 -93.6982
18.0207 -126.699
19.8849 -142.531
21.827 -151.641
22.5667 -157.035
22.7509 -161.293
24.8782 -165.93
29.1974 -170.014
32.6252 -173.04
33.6284 -177.076
-6.65244 22.3351
-5.74521 22.0696
-4.68623 22.05
-3.76721 22.0444
-3.10965 22.1387
-2.6803 22.1329
-2.33371 22.0082
2.02735 -177.063
-7.03094 -173.695
-14.9 -167.045
-16.566 -157.022
-10.0167 -143.368
3.47962 -134.597
14.9065 -126.906
19.4395 -120.711
17.9081 -118.613
14.0734 -99.9611
10.739 -101.724
9.41164 -105.316
9.6206 -104.533
11.6731 -97.5395
15.5534 -92.1022
20.7176 -83.4789
24.7781 -75.0419
26.6946 -68.8744
26.5068 -69.0704
24.6971 -70.2015
20.9748 -69.64
16.9173 -69.3837
14.1836 -68.1483
14.0181 -66.6385
16.1154 -66.6806
18.0713 -66.1251
18.1763 -64.4723
16.5656 -66.784
13.5412 -70.41
9.15995 -75.9327
0.565725 -72.3843
-12.4498 -64.7724
-22.8848 -60.0608
-28.1017 -61.4122
-29.1409 -64.0122
-29.0016 -63.6182
-29.941 -62.9665
-31.7997 -62.0463
-34.0224 -59.0847
-36.0024 -56.4854
-36.2816 -57.4082
-34.9295 -60.3628
-32.7645 -64.2204
-29.987 -65.0278
-26.1789 -62.2111
-22.617 -60.8606
-20.7152 -61.8791
-19.7451 -63.9915
-20.3178 -66.6518
-21.2249 -67.1828
-20.7428 -66.8376
-18.8877 -67.0634
-17.5842 -66.3479
-17.4026 -66.323
-18.2762 -66.8651
-20.0277 -67.3609
-22.0753 -66.4644
-23.1288 -63.8824
-23.5681 -60.1938
-24.3637 -54.4607
-25.6564 -49.6304
-27.7605 -47.7122
-30.0144 -46.5032
-32.3275 -46.4747
-34.5671 -49.2289
-37.0454 -52.3213
-39.6785 -51.7267
-40.3259 -49.1325
-38.1289 -47.8278
-35.1076 -47.7894
-34.4831 -46.6283
-37.324 -46.9246
-40.8688 -48.3713
-42.887 -49.5078
-42.8792 -49.1922
-41.2429 -49.0864
-39.5733 -50.0964
-39.9174 -50.2572
-42.1939 -50.6588
-44.4714 -54.4
-46.3202 -55.8775
-48.0386 -57.3448
-49.3951 -59.1142
-50.2422 -58.1606
-51.0334 -58.0157
-52.531 -58.0264
-54.2973 -58.3288
-56.5031 -57.3794
-58.9373 -58.0923
-62.0425 -61.9638
-66.4807 -64.1776
-70.8096 -65.032
-74.1251 -65.3762
-76.3237 -63.682
-77.2118 -59.8595
-76.4555 -55.8398
-75.2946 -53.2123
-73.7935 -51.7275
-71.9278 -51.23
-69.7128 -51.1477
-66.798 -51.404
-63.0076 -51.6591
-58.3043 -54.0087
-53.9412 -56.2236
-50.3413 -56.3728
-46.2551 -59.5677
-42.3134 -60.5129
-40.3669 -61.349
-40.1857 -61.3901
-40.251 -59.7742
-40.2026 -57.853
-38.1514 -57.1268
-33.8867 -56.4166
-28.0032 -49.6731
-21.4404 -40.6394
-14.559 -38.3563
-12.1524 -44.4365
-15.0303 -53.4952
-20.6508 -61.3393
-25.6049 -63.792
-26.1112 -61.9937
-22.4461 -57.2966
-17.0022 -52.8123
-14.347 -48.2603
-15.9733 -46.7345
-20.6676 -48.9579
-26.9947 -52.4896
-31.9072 -53.8833
-34.4835 -50.1121
-34.0248 -45.2114
-30.789 -42.5867
-25.6022 -42.0719
-22.8557 -42.6738
-24.2335 -45.4631
-29.0022 -48.7021
-35.0683 -50.8638
-40.058 -53.9995
-43.1004 -57.2654
-45.4211 -59.89
-48.6386 -62.3362
-53.3739 -63.7718
-57.2977 -61.8278
-58.8652 -57.8854
-57.2384 -53.8146
-53.6503 -53.3832
-50.4408 -55.3894
-48.5944 -57.412
-49.1044 -60.0227
-52.3178 -62.8022
-57.0168 -69.6244
-62.1561 -79.3569
-68.915 -89.0035
15.5865 19.4313
17.0353 19.6259
-86.8548 -91.7285
-87.9044 -87.2532
-88.5476 -86.9421
-91.4931 -85.0216
-95.7979 -81.8983
-101.859 -79.3028
-106.19 -79.6756
-106.175 -81.5075
-104.332 -75.425
-103.802 -73.5948
-105.508 -75.8141
-110.315 -66.9191
-115.617 -53.9911
-114.459 -44.0622
-105.521 -38.2055
-92.0746 -36.5549
-80.0662 -33.873
-72.3206 -33.4225
-67.5062 -41.5193
-67.6123 -38.8171
-76.547 -42.5985
-87.2727 -42.3361
-93.2571 -38.9754
-90.8988 -41.725
-87.6887 -45.2516
-84.7065 -49.1418
-83.4996 -55.315
-87.2496 -57.9299
-89.4326 -60.4282
-78.5885 -67.7625
-71.4745 -57.821
-62.6299 -50.7689
-56.1833 -40.7634
-51.1153 -33.3308
-44.77 -23.093
-37.6352 -10.1213
-27.6497 -3.43052
-13.6924 -3.37088
1.47563 -5.89598
12.3338 -9.00182
15.898 -5.44884
15.7043 -3.79469
14.572 -2.83418
13.2857 -1.10254
11.874 4.55857
12.6839 14.5322
15.3289 24.9143
15.7904 30.6923
14.1542 37.2994
10.7494 48.5086
5.42091 60.7537
-0.704845 67.8139
-5.18308 75.12
-6.21969 82.0265
-6.37701 87.3651
-9.23784 94.4223
-15.6624 100.854
-23.6946 107.968
-30.1204 114.601
-33.407 116.505
-36.6991 117.154
-40.9831 116.746
-44.676 115.583
-47.7598 115.896
-51.2489 115.047
-54.2679 111.401
-57.5676 108.85
-59.1613 106.218
-57.1784 102.823
-53.1847 102.249
-49.4516 102.649
-48.824 106.149
-52.1284 111.715
-57.1776 118.5
-61.1801 125.809
-61.2231 128.157
-61.8784 128.551
-64.7796 133.756
-65.1313 132.714
-60.5005 132.914
-54.0349 138.376
-44.6003 138.462
-34.8894 136.058
-29.1696 130.334
-27.8586 126.577
-31.6915 120.989
-27.4108 114.697
-19.085 108.556
-10.3792 106.466
-5.29979 104.763
-3.40224 101.477
-1.53833 99.3855
1.0979 92.6354
1.9718 86.5013
2.54022 81.2698
6.13046 75.8712
11.0132 66.4901
16.7483 57.8303
23.3426 52.4493
29.0581 49.389
34.4365 50.8653
42.0444 53.7451
51.0924 56.8268
58.8974 56.3938
65.2575 51.4208
72.0127 46.5242
78.771 44.76
84.0516 44.8596
86.9078 50.1226
91.6105 50.9396
95.8577 56.5109
97.9704 63.1085
103.324 65.1462
111.216 62.0528
120.272 57.5095
125.705 55.8163
125.573 52.9431
124.591 46.0516
122.746 41.8355
121.734 35.9675
125.934 24.3376
130.968 16.2841
130.116 13.9354
126.016 13.7112
121.84 10.023
119.959 2.98427
121.28 -8.20189
121.261 -19.1777
115.768 -27.858
107.213 -31.3663
101.755 -34.7548
99.6851 -40.2338
100.237 -49.7559
102.561 -59.6708
105.566 -72.8073
112.284 -80.7092
121.24 -83.6576
127.087 -86.9378
130.689 -89.3507
134.623 -91.7115
137.373 -97.4645
141.271 -104.342
146.627 -106.248
151.135 -103.167
153.006 -98.9055
153.969 -97.9797
157 -99.4356
161.363 -101.413
165.559 -104.066
170.613 -107.167
173.032 -103.886
172.701 -105.039
173.475 -109.17
175.162 -111.931
177.496 -117.757
183.097 -121.847
191.757 -123.552
201.259 -125.038
209.904 -127.181
215.561 -128.691
218.123 -133.653
217.156 -138.875
213.817 -147.619
211.912 -158.13
-12.949 9.25828
-12.2443 8.83591
-11.9921 8.59287
-12.0855 8.57011
-11.9729 8.46386
-12.2523 8.63399
-12.6926 8.8849
-13.1333 9.0662
-13.8222 9.23666
-14.3483 9.3997
-14.9485 9.62672
-15.3258 9.75791
-15.6781 9.8697
-15.9884 9.96802
-16.2419 10.0019
244.34 -157.823
247.689 -152.183
250.879 -149.946
-17.342 9.02387
-17.5714 8.81509
-17.2028 8.04982
-17.1002 7.28348
-17.1385 6.69558
-17.453 6.66263
-17.8935 6.6625
-17.9324 5.96991
248.865 -84.424
241.686 -80.6632
234.405 -82.3878
226.094 -84.7235
216.352 -86.574
207.505 -84.924
200.264 -78.4964
193.413 -76.4997
186.273 -79.4047
179.489 -81.362
174.176 -80.1244
167.606 -74.4241
157.631 -69.5005
146.203 -66.8392
134.928 -62.8092
124.543 -62.6587
114.63 -67.0279
105.011 -74.062
95.8766 -77.9717
86.5629 -77.5512
79.1074 -78.2398
77.5653 -78.8016
78.5822 -77.4862
77.2149 -80.1903
72.7638 -81.489
65.8661 -79.7903
59.5938 -78.5526
57.4163 -77.2377
59.1085 -73.1604
59.6325 -69.8438
54.609 -71.3698
43.0417 -73.5788
26.345 -70.2846
9.45867 -69.2411
-2.88116 -67.9268
-8.84651 -67.4276
-9.22821 -73.3615
-9.18408 -78.0803
-12.6587 -79.6465
-22.784 -81.0387
-38.1956 -83.479
-52.6232 -87.1813
-63.2686 -88.0756
-72.2123 -85.3216
-79.8746 -80.8356
-84.5424 -77.721
-90.2332 -73.4317
-101.262 -72.6749
-116.586 -75.7172
-132.26 -80.2342
-146.066 -81.6501
-157.997 -80.1206
-167.784 -80.2542
-176.912 -78.8878
-186.509 -79.5241
-196.893 -80.5369
-209.21 -78.911
-222.115 -78.2976
-234.785 -77.788
-246.613 -80.5066
15.4669 4.50368
15.0164 4.39341
14.0485 4.27314
13.5089 4.39595
13.5325 4.7522
14.126 5.28632
14.623 5.83959
15.1047 6.54215
15.3662 7.00289
15.3323 7.32875
15.5905 7.84408
16.1393 8.52404
16.805 9.0667
-255.117 -141.687
-246.247 -139.759
-238.231 -139.842
-232.449 -140.274
-229.031 -144.72
-227.698 -147.511
-225.821 -147.48
-221.84 -145.729
-214.73 -141.261
-205.827 -135.934
-197.563 -132.28
-190.771 -127.834
-185.666 -124.012
-180.071 -118.421
-172.84 -109.17
-164.685 -101.368
-157.036 -95.2693
-151.382 -88.1284
-148.551 -80.5627
-145.608 -66.003
-143.941 -60.7883
-144.968 -61.0946
-145.629 -59.7624
-143.689 -58.9047
-139.611 -59.5208
-135.153 -58.9153
-132.345 -57.9427
-129.828 -55.7577
-124.142 -51.5305
-114.708 -46.0696
-104.778 -44.4312
-97.1961 -41.5811
-92.5226 -40.9346
-89.3737 -40.5764
-86.0293 -40.0552
-81.1944 -38.1449
-75.3648 -36.7069
-69.7294 -33.7886
-64.4816 -33.2219
-61.1315 -29.8653
-60.1014 -30.7001
-65.4625 -32.5298
-69.0696 -34.9308
-69.1708 -37.001
-68.7402 -35.8525
-70.2517 -36.1573
-75.4042 -33.2624
-85.1363 -30.4392
-94.9443 -33.3456
-102.319 -38.5185
-107.394 -41.7758
-111.181 -35.8246
-114.457 -29.4418
-117.3 -24.8979
-120.385 -23.2045
-125.191 -19.151
-132.159 -14.8703
-139.698 -15.2136
-147.237 -10.272
-154.721 -5.90429
-159.322 -0.631183
-160.267 5.99385
-159.98 8.43142
-160.836 7.68257
-162.539 5.94115
-160.127 5.11615
-154.696 5.74197
-148.231 9.22875
-140.413 11.2761
-132.516 13.2113
-125.704 14.9693
-118.753 19.8166
-110.202 26.4316
-99.1605 29.0452
-86.8886 27.8742
-75.1917 28.4809
-64.9599 29.9189
-56.5262 29.6674
-49.768 31.3334
-43.258 32.4813
-34.8591 33.5105
-24.0544 37.653
-12.6041 41.0471
-2.63784 40.7986
5.76536 35.3408
11.0562 34.2606
12.2388 36.7841
13.3562 35.9592
17.4596 31.893
24.1294 28.3256
31.6211 24.8268
37.8446 27.9284
42.1281 26.3405
44.5445 23.4474
43.5222 24.9134
42.1213 23.7846
42.7236 17.3382
45.8386 15.9014
53.9389 20.0789
65.5013 28.1895
76.9339 36.8121
88.533 42.237
99.0429 40.8161
105.313 34.2671
109.02 27.2556
110.981 23.3826
110.976 15.975
110.564 11.6818
110.477 4.87612
110.368 -0.169694
108.844 -5.6675
108.145 -8.85917
106.781 -10.0718
101.519 -9.19712
92.7989 -14.3713
82.2587 -21.6186
72.5822 -28.8994
64.5103 -33.0536
54.6445 -35.0877
42.692 -38.8445
29.6297 -38.0028
16.9593 -37.3655
5.52138 -35.3444
-4.01707 -34.5165
-10.2757 -38.7906
-14.0825 -41.5689
-17.8662 -47.3986
-22.2689 -50.2744
-26.3892 -50.2178
-30.4184 -51.3556
-33.5438 -51.3013
-33.306 -48.5447
-29.8196 -45.649
-25.8078 -46.313
-21.8638 -41.1556
-16.8546 -35.3237
-11.908 -28.1207
-7.0366 -16.0517
-1.67449 -7.46826
4.0088 -2.47923
9.27345 3.61579
14.7392 7.71727
20.6453 11.2716
25.0886 15.9211
28.0202 20.0003
30.2759 25.365
31.4452 30.5643
30.912 34.3349
30.0274 38.1732
29.3904 42.2448
29.8702 42.1246
31.9689 42.3642
34.328 44.2072
35.5626 45.5756
36.1181 44.6451
34.8052 45.9997
31.7835 48.9582
27.2891 46.8807
25.063 44.367
27.8149 43.4336
33.6198 36.7281
37.8921 26.4609
37.151 16.2273
33.389 9.16581
25.3267 9.79659
13.6186 9.76212
2.32418 9.82403
-6.86346 8.58782
-13.2627 3.07669
-17.6612 -4.11842
-22.5184 -8.99238
-27.7148 -11.1767
-34.4965 -11.7007
-40.7006 -13.2363
-44.855 -17.2143
-48.4231 -20.6621
-52.9889 -26.9611
-59.8833 -34.5565
-67.9977 -39.1033
-74.2566 -42.897
-78.5284 -43.669
-81.3675 -43.883
-81.3448 -46.2855
-79.4196 -51.3004
-77.2115 -58.213
-74.3828 -69.1939
-73.1956 -73.1214
-75.7641 -73.2766
-79.1954 -75.972
-78.4399 -77.9262
-69.2013 -82.2671
-301.667 198.423
-37.4511 -82.3009
-27.1332 -79.3185
-23.5669 -78.5416
-23.7384 -77.9077
-24.8326 -71.2623
-22.6389 -60.8304
-12.9465 -53.758
0.991126 -48.1809
14.4468 -41.3132
24.5845 -35.3675
30.6535 -28.1424
33.357 -24.996
36.3084 -24.4447
40.4459 -26.209
45.3625 -26.9099
48.2986 -31.1317
46.1372 -37.5937
41.0259 -43.2244
32.9633 -48.2291
26.2397 -51.5051
23.4435 -56.9985
21.4401 -58.5102
16.4124 -56.7621
9.52159 -54.7485
2.48534 -52.0968
-3.14666 -47.5139
-5.26892 -41.8797
-7.79179 -38.6422
-12.2117 -31.105
-20.7363 -18.41
-30.2829 -12.371
-37.956 -3.74903
-42.1462 4.99395
-42.4777 12.9551
-41.3606 21.6288
-37.375 25.06
-31.2124 22.1227
-30.0459 17.5758
-36.1347 12.9632
-45.9252 13.2291
-58.1253 19.0663
-72.9916 24.2068
-86.8524 31.2598
-99.4193 38.1153
-114.591 35.4984
-128.128 34.1474
-133.214 36.6735
-126.398 37.3758
-111.799 25.9602
-96.1913 8.9288
-81.7153 -2.61515
-68.9926 -10.5718
-61.0443 -19.3682
-58.5627 -24.9758
-56.526 -27.6437
-55.927 -27.2157
-60.1697 -28.4408
-71.1714 -36.1489
-83.8346 -45.245
-87.2226 -52.4351
-82.7399 -60.7888
-76.9002 -66.132
-69.9439 -63.8132
-67.8546 -54.4117
-75.553 -43.4403
-86.725 -30.7311
-97.1598 -17.1646
-104.295 -0.971045
-105.464 9.94199
-103.016 17.4685
-103.728 21.1291
-109.424 13.733
-117.737 4.67381
-120.488 0.289073
-116.161 -1.89259
-116.431 1.07575
-127.953 8.06925
-144.278 17.8121
-157.472 30.4345
-162.236 34.6284
-157.342 32.0999
-143.39 28.0481
-123.651 18.2655
-105.792 6.52309
-92.1929 -8.36462
-82.2749 -12.4565
-78.7115 -17.4088
-77.9105 -21.2871
-73.3673 -22.42
-64.5398 -22.1997
-53.5565 -19.7888
-42.2597 -18.2983
-33.5371 -20.5609
-28.1577 -26.6583
-24.906 -33.4057
-24.0878 -31.7305
-20.734 -29.0087
-12.7997 -28.0283
-3.60998 -29.5693
6.00896 -27.419
12.2835 -25.1214
14.1407 -25.5848
16.2818 -24.7697
21.85 -16.5588
31.4373 -5.11279
39.6021 1.55729
44.0601 -1.35914
48.6187 -3.06189
54.5872 -3.96778
59.9746 -4.67151
64.8556 -4.74583
66.8186 -3.90647
66.1882 -2.83339
67.0814 -2.66007
71.0295 -4.0086
76.6104 -5.3336
82.3905 -9.81208
88.6674 -16.0364
95.1289 -20.9932
99.6339 -27.7012
101.771 -33.8675
103.858 -38.5648
108.015 -43.5033
114.845 -49.2686
124.024 -52.2183
134.496 -54.5271
145.456 -55.2404
157.323 -55.76
167.75 -62.7631
175.099 -65.1177
-302.688 191.854
-299.523 196.688
-297.9 196.78
-290.4 196.95
-289.937 197.627
-283.614 198.841
-282.298 198.926
-283.195 202.552
-280.453 210.972
-286.93 215.671
-295.875 217.972
176.541 -39.9162
170.325 -40.19
-280.5 233
157.23 -37.1873
144.825 -36.4232
131.166 -36.7425
116.903 -36.8969
103.95 -40.3629
93.7103 -40.2985
83.6073 -39.4386
72.1921 -41.0221
60.8118 -43.3146
48.6252 -42.3491
34.2863 -41.6611
20.1932 -42.5141
7.96969 -39.1573
-3.63644 -34.6904
-13.8504 -27.581
-23.0519 -17.7536
-30.1006 -6.2682
-34.6361 6.84827
-37.2802 20.5682
-40.0759 30.4988
-43.9798 34.706
-48.1505 40.6349
-51.7211 46.9701
-52.2627 55.956
-52.2723 61.4115
-54.0651 64.5055
-58.9153 71.087
-80.707 74.5465
-94.1273 70.9845
-105.995 64.2309
-114.546 57.5895
-118.999 53.5889
-120.103 50.1134
-120.42 45.6378
-122.768 41.5467
-129.057 33.6667
-137.498 25.3356
-145.699 19.6139
-154.304 16.9512
-162.493 15.3298
-168.774 13.8387
-174.503 15.1044
-181.778 14.9929
-189.599 14.2211
-196.742 13.2004
-203.686 12.42
-209.939 9.5515
-213.534 8.33967
-215.294 9.39372
-216.954 6.50285
-219.348 -0.905637
20.5412 -0.0724417
20.7261 0.456086
-214.68 -22.5428
-209.826 -28.3778
-204.439 -34.1727
-197.944 -38.8932
-193.343 -42.0483
-191.717 -46.6609
-191.124 -51.9744
-190.534 -57.4031
-187.48 -60.4704
-180.655 -64.7984
-172.974 -65.594
-168.322 -67.0807
-164.975 -73.3531
-162.216 -77.9522
-159.239 -82.7915
-157.716 -91.8215
-157.624 -98.7239
-157.541 -101.529
-157.768 -103.773
-157.032 -108.361
-154.498 -115.46
-150.475 -121.303
-146.684 -129.427
-144.241 -139.531
-141.264 -146.931
-135.735 -152.832
-129.363 -156.384
-122.603 -160.679
10.7048 15.7851
9.75953 15.9322
8.3108 15.5522
6.83886 15.3671
5.43833 15.3688
4.26428 15.4425
3.35624 15.3208
2.59576 15.1815
1.92868 15.1015
1.10375 15.0911
0.0797128 15.1923
-1.12076 15.4062
-2.39041 15.5967
-3.55766 15.6594
-4.50387 15.4452
47.7241 -158.907
-5.77531 15.0823
-6.42608 15.134
68.6179 -152.137
78.2819 -143.369
85.1057 -140.535
87.8887 -137.434
86.3267 -129.401
83.9028 -127.104
82.7792 -123.045
82.045 -117.102
83.0617 -112.957
84.7756 -108.038
84.3525 -105.045
81.7419 -102.483
79.2655 -100.177
77.3577 -97.1391
74.011 -90.2743
70.9453 -85.1757
64.287 -82.5713
55.7672 -81.924
46.4654 -78.0226
39.1429 -75.2926
33.5626 -69.5892
29.4525 -62.4105
26.9855 -57.2012
24.3796 -53.0431
20.3928 -52.9514
14.3962 -53.5592
6.20279 -51.1108
-1.65558 -48.5589
-7.05191 -45.9197
-11.3318 -44.044
-16.5901 -41.7214
-23.6999 -40.398
-31.812 -36.9251
-41.0592 -33.557
-52.3834 -31.9437
-65.2226 -28.2573
-76.9953 -27.0594
-88.2645 -26.063
-98.7904 -25.4382
-106.632 -27.5254
-112.53 -24.5599
-117.928 -24.9689
-121.032 -28.2701
-120.442 -34.3696
-116.711 -41.7782
-110.139 -49.0221
-98.1614 -46.1664
-85.0794 -44.0113
-75.3121 -45.6418
-68.3762 -43.1399
-64.5772 -38.1148
-61.6812 -35.5909
-57.092 -35.327
-51.4895 -35.451
-46.0192 -35.8081
-41.0032 -34.3473
-37.8524 -34.1732
-35.5018 -30.6984
-32.7942 -28.9419
-28.075 -26.6357
-23.0232 -25.1256
-18.7054 -24.7712
-14.5755 -21.4342
-12.1645 -16.5923
-11.2461 -15.2976
-10.666 -9.72685
-9.1683 -5.26378
-5.89411 -2.98139
-2.10545 1.04772
1.05801 0.310954
5.2933 5.08087
7.90084 14.266
7.88798 18.3439
7.10617 21.6258
5.39474 22.5549
3.55453 21.1403
3.59458 24.4077
4.26193 27.7775
4.36837 30.7617
4.57896 32.2757
3.68318 35.2135
1.27841 32.6039
-1.27982 27.1078
-4.1253 22.0826
-6.34322 19.552
-7.2931 19.0113
-7.32512 22.2895
-7.29387 21.9135
-7.07875 19.5915
-7.17744 17.6286
-7.73567 13.5431
-7.80898 11.4613
-7.03441 12.2672
-6.56699 13.6631
-5.4742 15.0926
-3.22965 16.0661
-2.2236 14.6034
-9.95377 11.9069
-12.7212 13.802
-11.6219 15.5087
-9.10527 17.1696
-7.05421 18.0365
-6.1495 16.371
-7.06642 14.8603
-7.28193 13.0164
-6.19523 13.9764
-5.28447 13.0098
-3.89024 9.04377
-2.7865 5.03795
-3.2789 -0.929051
-5.98369 -2.57972
-8.85137 1.57358
-9.46753 -1.35398
-8.61745 -6.98505
-7.84752 -4.38422
-8.85274 -3.18511
-11.4697 -4.74032
-13.4664 -5.29842
-13.8316 -5.5534
-11.9335 -7.77864
-9.94202 -8.90993
-10.6013 -8.14635
-14.024 -10.9387
-17.2222 -11.6133
-17.4301 -10.612
-15.6052 -12.0908
-14.2344 -11.5691
-13.5252 -11.8076
-15.209 -10.9179
-18.5039 -11.4535
-20.8104 -12.6951
-20.6341 -10.0578
-19.3129 -6.05276
-17.5754 -6.68293
-16.2338 -9.08055
-15.5546 -9.25625
-15.7588 -9.40858
-16.3048 -10.7526
-15.4258 -9.74642
-13.0061 -9.64978
-10.6973 -10.7763
-9.94741 -11.4629
-10.3619 -11.9319
-10.3394 -11.8317
-9.31744 -11.4455
-7.70524 -11.1494
-5.6855 -10.5199
-4.57478 -9.59308
-4.80427 -9.62898
-5.88291 -9.17513
-7.31692 -8.05457
-8.14901 -6.89079
-6.7801 -6.43388
-4.16513 -7.55474
-1.02854 -7.31131
2.03532 -6.03011
5.60723 -6.03348
10.289 -6.79198
15.5071 -7.18079
19.8933 -6.8409
23.7799 -7.52855
26.9622 -9.02141
29.8671 -11.61
31.7962 -13.7792
33.741 -16.4633
36.9682 -18.6308
40.089 -20.9686
42.3713 -23.9126
43.3581 -24.123
41.2495 -27.806
37.7062 -34.2655
33.9509 -39.992
31.0278 -46.1535
32.4893 -52.3534
36.9386 -57.778
40.0525 -65.1268
38.3081 -69.5099
31.0247 -73.0862
20.6699 -75.2066
11.6848 -77.846
6.80913 -87.6204
6.90711 -95.6321
10.2837 -103.353
14.7941 -110.007
17.0537 -117.155
13.8527 -123.364
4.64788 -128.91
-7.05608 -137.521
-17.1684 -144.939
-22.4061 -147.279
-22.0732 -147.727
-17.9329 -147.5
-14.0204 -144.629
-13.7152 -143.192
-17.1174 -144.85
-21.1725 -145.25
-21.9285 -144.554
-18.3455 -143.956
-12.0896 -139.675
-6.7407 -137.092
-4.53496 -135.238
-4.94947 -133.731
-5.30692 -135.202
-3.4079 -136.495
1.13463 -138.417
7.22105 -137.885
12.8299 -138.407
17.0939 -137.425
19.7595 -135.605
21.3816 -135.831
23.7824 -135.194
27.8945 -132.33
33.5655 -131.263
39.6582 -128.619
45.1183 -125.704
48.257 -126.093
48.0857 -126.768
45.9794 -126.985
45.3642 -127.694
48.0721 -126.371
52.9623 -123.843
57.7037 -122.451
60.8975 -122.513
62.6991 -122.973
63.6001 -122.914
64.381 -121.761
65.7986 -120.656
67.7809 -119.241
69.6099 -115.806
72.1891 -114.977
75.2941 -115.644
78.0573 -114.199
79.5153 -113.348
78.6119 -110.465
77.1623 -109.212
77.4082 -111.696
78.4753 -113.723
80.2283 -117.077
81.0054 -116.842
80.4002 -122.232
76.1133 -134.863
66.392 -152.454
-5.51706 15.0438
-4.12355 15.2977
-3.07216 15.3478
-2.40819 15.4064
-1.72668 15.0813
-0.486201 14.2575
1.19881 14.0612
3.1206 14.3228
4.96045 14.5078
6.53381 14.5675
7.50627 14.0131
-92.227 -146.625
-100.816 -140.583
-110.748 -136.128
-121.769 -131.593
-132.516 -126.107
-141.138 -119.572
-147.315 -112.529
-151.637 -103.469
-155.604 -95.7351
-160.989 -90.4719
-167.883 -85.6548
-174.377 -83.0186
-179.136 -80.5827
-182.781 -75.6213
-186.253 -72.574
-189.82 -65.5673
-192.874 -57.1687
-194.735 -52.1172
-195.841 -51.3649
-195.432 -50.6617
-193.106 -47.9706
-189.37 -43.5876
-185.227 -40.48
-180.968 -37.6018
-176.901 -35.4525
-173.643 -35.2937
-170.345 -37.829
-166.659 -41.0682
-163.525 -44.0814
-160.955 -45.323
-158.611 -45.3963
-157.36 -42.1142
-156.658 -39.3771
-154.424 -38.6265
-149.41 -37.962
-142.766 -38.1425
-136.339 -39.6047
-132.09 -39.9433
-129.639 -37.2168
-126.244 -33.2651
-118.946 -28.4844
-108.047 -26.9844
-97.874 -27.2268
-91.0844 -27.2276
-87.2255 -26.3288
-85.6666 -29.7624
-88.0516 -33.9698
-91.058 -37.2177
-90.3392 -37.2579
-84.16 -38.8167
-73.6198 -44.2412
-61.9969 -48.887
-52.7527 -50.0024
-49.2939 -50.1074
-51.2784 -53.8868
-55.5385 -62.7261
-57.316 -66.6999
-53.9137 -66.6519
-45.8153 -70.7245
-34.5874 -77.173
-22.0424 -83.2002
-12.502 -88.6546
-7.79116 -92.4486
-7.26761 -96.2173
-8.16997 -98.4514
-6.63993 -103.301
-1.87851 -108.083
3.98615 -111.497
9.58369 -114.308
13.6299 -112.795
17.5013 -114.833
22.621 -115.631
26.2276 -113.533
27.4312 -111.246
27.3932 -111.939
27.1553 -113.269
26.9923 -115.397
27.9643 -116.902
29.4543 -119.162
29.227 -119.64
26.4101 -121.018
21.4519 -122.954
15.0732 -122.394
9.69149 -119.401
6.31094 -115.994
3.88382 -110.417
0.123716 -105.063
-6.06205 -102.423
-12.8657 -98.875
-19.3652 -91.452
-25.9552 -85.7325
-31.6604 -86.4906
-36.7435 -82.3459
-43.1199 -77.1735
-50.0529 -74.2522
-57.7447 -70.0027
-66.3331 -66.8089
-74.8663 -62.2512
-81.8167 -56.1131
-87.0599 -51.0934
-91.2538 -47.6569
-95.322 -43.979
-101.57 -40.2109
-110.437 -39.5396
-120.411 -35.2098
-129.958 -29.2312
-137.683 -26.069
-142.948 -20.7771
-145.99 -16.765
-149.205 -12.8751
-154.784 -8.8307
-161.424 -6.61243
-168.032 -4.8653
-173.101 -4.79235
-175.866 -2.94793
-176.975 3.83628
-177.587 9.02324
-177.938 13.8017
-178.169 18.571
-177.229 21.3014
-174.189 25.4877
-169.718 34.0011
-165.658 41.9492
-163.01 48.643
-160.91 52.3616
-158.635 53.6495
-155.433 55.873
-151.388 57.6249
-148.119 60.9225
-145.915 63.8069
-141.091 65.4609
-131.503 73.413
-120.139 81.8374
-109.268 83.5898
-100.405 87.5105
-95.935 87.2662
-92.9775 84.2044
-88.8139 87.885
-82.2631 87.0774
-72.2718 84.9067
-64.2912 85.2542
-63.3142 80.0993
-68.2035 64.5432
-74.5859 53.2951
-83.9394 45.4748
-92.3282 45.2032
-96.627 32.5698
-98.3439 22.6194
-100.947 23.7789
-104.204 25.3887
-108.837 25.0602
-115.079 10.2692
-118.728 -10.594
-118.388 -27.1229
-115.225 -31.114
-113.238 -35.0737
-117.322 -36.8007
-126.809 -41.0448
-137.564 -49.2125
-144.296 -57.7163
-144.216 -67.573
-137.314 -75.8993
-126.573 -84.4365
-116.725 -88.8574
-112.553 -89.9565
-114.811 -90.3824
-119.515 -89.9184
-123.323 -90.6046
-123.948 -92.297
-121.283 -95.7065
-117.998 -101.031
-116.994 -104.69
-118.387 -108.055
-121.79 -108.686
-126.036 -107.76
-129.486 -108.286
-131.434 -107.699
-131.699 -106.185
-130.97 -104.947
-130.019 -104.256
-129.601 -101.723
-130.5 -98.2299
-131.697 -95.1844
-131.657 -91.1469
-129.413 -86.2071
-125.892 -81.6726
-123.003 -79.6955
-122.228 -80.9436
-123.413 -84.1806
-125.598 -86.6955
-125.674 -85.4345
-121.336 -85.6457
-113.733 -83.2174
-107.674 -82.4661
-104.435 -79.5888
-101.323 -73.6945
-95.1121 -69.2273
-84.0006 -60.8843
-71.3633 -52.5667
-60.0989 -47.6639
-51.8893 -46.0218
-49.246 -43.8358
-49.8043 -43.0019
-51.4959 -40.8775
-52.6859 -37.1964
-53.6908 -36.1687
-54.9708 -37.9994
-55.7875 -44.9827
-56.6685 -49.0458
-57.7357 -49.8709
-58.6024 -47.1735
-56.8691 -45.7527
-52.4852 -45.3864
-47.1896 -41.9432
-43.5533 -40.8006
-42.1452 -39.0404
-41.8946 -35.8783
-39.239 -32.4171
-34.2206 -33.2085
-27.608 -35.6529
-22.2905 -35.2611
-20.4859 -32.9834
-19.7176 -33.3598
-18.0379 -35.5258
-16.1649 -38.7153
-14.3092 -42.863
-14.7186 -45.1612
-18.6553 -51.4867
-23.4414 -59.5097
-29.2313 -71.6838
-38.5376 -83.6683
-48.3742 -90.4656
-56.1643 -97.7698
-58.3514 -105.812
-55.4773 -113.832
-52.165 -122.212
-56.6488 -130.201
-65.6304 -139.048
-68.1778 -150.05
-64.8306 -161.752
4.76302 14.6785
4.23378 14.8669
-43.3027 -152.816
-34.8284 -140.084
-27.2113 -137.248
-18.9382 -139.41
-6.17049 -145.201
12.2528 -150.463
32.0071 -158.505
47.5418 -160.761
56.6972 -151.067
59.0109 -139.27
57.4227 -135.407
57.4895 -136.528
61.2398 -135.803
67.9446 -131.435
75.2957 -124.298
82.6369 -113.504
91.7408 -104.924
102.63 -96.8483
114.265 -93.4167
124.318 -92.4063
133.594 -92.7241
143.149 -91.3888
151.114 -90.7838
156.612 -93.3068
160.62 -93.7442
163.901 -89.9454
166.731 -88.1678
168.867 -85.9909
171.625 -85.6542
176.476 -86.5043
182.693 -89.2658
188.176 -95.9512
192.807 -101.338
195.159 -112.848
196.263 -126.037
199.931 -142.392
204.17 -156.874
-21.1607 16.2114
-20.2914 16.2597
-19.0362 16.2451
-17.4086 16.0549
-16.8721 16.0279
-17.4251 16.1577
-18.6037 16.2141
-19.8542 16.1329
-20.825 16.1742
-20.0586 15.8655
-18.5858 15.6651
-16.9141 15.5361
-15.4451 15.3782
-14.5016 15.1777
-14.7543 15.3351
-15.6968 15.7259
-16.5687 16.0804
-16.504 16.106
-15.7953 15.9931
-14.8448 15.8503
-14.3 15.8908
-14.0391 15.9417
-13.7782 15.6761
128.947 -157.753
124.6 -155.361
117 -156.42
-9.1658 15.6435
-7.49611 15.5983
-6.08306 15.2711
-5.31599 15.1011
-5.0387 15.5449
-4.82335 15.8043
-4.4628 15.9336
-3.68883 16.0206
-2.43518 16.054
-0.925274 15.7243
-12.4541 -147.928
-25.2111 -138.249
-33.3254 -129.362
-39.7905 -123.206
-48.0808 -118.471
-59.5922 -114.473
-73.5766 -110.16
-86.8625 -103.925
-96.8143 -97.6684
-102.906 -92.9771
-107.117 -86.7791
-110.196 -81.2525
-113.534 -75.5534
-118.198 -70.1684
-123.607 -64.2459
-127.829 -58.9692
-128.817 -55.4107
-126.985 -51.8767
-124.454 -47.6397
-122.295 -42.9883
-122.518 -36.3019
-125.3 -31.7326
-129.019 -28.0968
-130.902 -24.7011
-130.091 -22.3353
-129.117 -19.4492
-128.195 -18.0942
-129.766 -19.3104
-137.107 -19.7916
-149.784 -24.9267
-164.703 -36.4249
-180.292 -47.6431
-193.864 -58.0646
-204.327 -62.8349
-211.505 -63.0155
-215.566 -62.6839
-220.239 -64.6212
-217.034 -68.3403
-215.517 -75.0943
-217.756 -82.2342
22.7981 8.94356
23.0383 9.01727
23.1335 8.46929
22.5876 8.43417
-200.473 -88.4613
-185.597 -85.9076
-177.171 -88.9533
-173.853 -92.6475
-171.603 -95.7633
-167.34 -97.2808
-160.848 -97.2119
-152.026 -97.7665
-142.139 -100.291
-132.417 -101.489
-123.855 -104.119
-116.293 -105.183
-109.927 -99.4778
-104.131 -94.1276
-95.4408 -89.9552
-84.5268 -87.7372
-74.9158 -85.4471
-68.783 -78.6628
-65.3839 -72.6571
-62.0784 -68.9606
-59.8381 -65.448
-56.9072 -63.786
-51.4518 -58.7401
-42.3016 -52.7334
-29.5392 -46.4889
-16.8586 -41.8528
-7.50289 -37.6495
-2.37009 -33.8579
-0.886244 -28.3372
0.00821305 -22.4532
3.00146 -16.6923
9.27512 -9.72273
17.8137 -5.45194
25.7535 0.0729414
31.869 8.22745
35.9708 17.0097
37.049 28.8449
36.7256 36.1622
38.0186 41.773
40.8329 49.5822
41.8255 51.8113
39.807 50.0066
35.3821 51.7103
29.6808 54.1623
24.9093 58.5038
20.2705 63.7705
15.1526 64.8238
9.19636 67.6744
2.36575 59.8136
-3.60357 62.0261
-10.1746 63.3037
-17.0296 65.2395
-26.0393 70.737
-37.1092 76.7385
-48.9536 78.6253
-56.6868 76.8291
-60.4816 74.0199
-64.1843 66.1836
-65.7479 55.9648
-64.2392 52.0509
-65.1404 50.519
-69.4322 49.7699
-73.8952 57.2708
-79.3759 70.5288
-85.3707 77.1764
-87.7083 78.2603
-85.936 71.4152
-86.0228 64.1569
-91.0679 67.4644
-95.3808 68.8004
-97.0931 70.466
-99.181 79.5566
-98.1012 85.5422
-94.0731 86.5832
-92.5163 93.2153
-94.2139 100.547
-94.499 108.46
-89.7117 114.743
-82.6954 118.718
-77.8592 121.194
-75.8945 121.426
-78.0231 123.595
-85.6139 128.008
-92.216 133.226
-95.775 142.792
-97.0187 146.834
-95.2139 148.02
-93.8691 141.12
-94.1285 133.971
-94.8096 126.631
-95.2008 119.098
-96.4737 114.763
-99.3236 112.035
-100.741 105.753
-99.7307 103.601
-97.7229 102.662
-95.513 96.4062
-93.9673 87.031
-90.7178 74.8165
-84.4288 65.4132
-78.7477 63.6187
-74.7567 58.1519
-70.8454 53.4361
-68.3172 51.0009
-65.5279 43.5638
-60.9346 38.8342
-56.47 33.2544
-52.7708 23.3053
-49.3716 22.4298
-46.869 23.3004
-45.5669 20.4107
-42.4675 13.0022
-36.8589 6.20685
-29.4865 -1.56919
-31.3206 -3.55708
-34.0382 -5.90721
-37.0527 -7.10124
-42.1887 -6.13771
-48.1325 -3.0439
-53.7115 4.78902
-57.6458 14.3705
-56.9764 21.6441
-55.4811 24.5887
-56.4745 20.8582
-59.6175 14.7171
-62.7939 16.1359
-64.4389 24.6643
-64.9089 34.9635
-65.9241 41.3605
-67.5274 41.0967
-69.7102 38.0592
-73.7515 34.2924
-80.0341 30.8077
-85.4304 28.0922
-88.7572 29.3105
-91.9916 33.5796
-96.8574 34.7091
-102.425 36.9823
-108.687 36.4503
-115.084 36.276
-121.085 38.0904
-127.178 42.4031
-132.698 48.6396
-136.189 55.1895
-139.457 61.4183
-145.019 68.1118
-151.23 73.7351
-155.33 78.1471
-156.872 86.0095
-154.732 93.2439
-149.72 99.381
-146.408 103.749
-146.343 105.702
-148.414 107.021
-151.904 108.428
-155.711 110.679
-157.641 115.525
-157.294 119.848
-155.347 123.247
-152.008 124.17
-149.414 125.05
-148.319 123.066
-147.372 122.083
-146.131 125.82
-144.439 127.622
-143.132 129.553
-141.847 130.284
-140.464 131.211
-140.329 133.218
-142.634 134.324
-144.591 138.586
-144.788 145.514
-145.688 150.61
-146.579 153.494
-148.475 156.743
-152.309 160.419
-155.291 162.566
-155.778 161.068
-153.905 158.734
-149.979 154.04
-145.23 155.881
-144.494 154.125
-147.469 148.499
-152.94 141.987
-161.575 137.172
-172.73 134.948
-182.996 134.767
-190.7 131.023
-195.371 124.808
-204.17 122.463
-210.45 123.112
-216.216 123.076
-218.391 126.409
-218.269 128.32
-219.987 122.884
-223.565 118.326
-227.263 115.343
-232.037 116.423
15.5912 -8.75391
-233.722 128.365
-227.039 130.298
-221.167 127.393
-214.872 124.223
-210.199 122.643
-207.774 128.582
-207.059 130.134
-205.744 132.212
-205.871 135.75
-205.884 135.477
-203.975 136.502
-202.951 137.485
-201.862 136.985
-200.367 138.56
-198.908 140.931
-193.269 144.4
-185.266 149.035
-177.376 150.511
-170.574 151.081
-167.933 147.343
-167.696 142.269
-165.769 141.86
-159.963 141.432
-151.826 143.793
-145.288 145.552
-141.242 144.686
-139.457 144.041
-138.427 143.537
-134.39 144.926
-126.829 142.905
-119.183 142.938
-114.05 140.965
-109.111 144.333
-103.574 146.818
-97.8535 146.042
-92.1861 143.143
-86.7647 140.682
-78.8153 139.663
-66.7819 138.915
-53.6709 140.718
-45.0498 140.265
-38.1242 137.076
-33.7841 136.146
-31.844 126.542
-28.4982 116.138
-23.5368 105.802
-18.9364 100.435
-14.1033 102.235
-8.54651 100.359
-5.89325 97.4254
-7.09268 90.7657
-8.62826 83.5128
-9.84818 78.8252
-9.47401 79.5419
-5.82605 75.6176
3.451 74.4791
21.3879 69.404
27.2652 63.8295
33.1238 56.1436
38.378 48.2258
41.314 45.1527
44.1464 36.6298
49.9734 25.7726
53.1158 25.6016
51.4526 22.5438
49.6274 13.487
45.7659 10.5488
41.8025 2.45399
40.1828 -8.32217
37.4545 -19.8228
32.8218 -30.823
25.0791 -39.2411
14.0503 -45.8335
0.639161 -49.9317
-13.3006 -54.6812
-25.9087 -60.0967
-36.4757 -62.5468
-45.5779 -61.8002
-55.9216 -60.5232
-70.2756 -55.9567
-85.1402 -53.2733
-94.7878 -48.9815
-96.6084 -47.0349
-94.7953 -43.8646
-94.5142 -41.1538
-94.3243 -40.0594
-93.6841 -39.4614
-94.5096 -36.7242
-95.9547 -33.5926
-95.343 -28.7952
-92.2426 -30.1993
-87.905 -30.0905
-82.6209 -28.558
-77.47 -26.9882
-74.2869 -25.1347
-71.7071 -21.0284
-66.6698 -19.471
-60.4552 -15.8102
-57.505 -11.3522
-56.947 -5.18438
-53.944 -1.58447
-48.5707 3.42649
-44.0355 9.53322
-43.2564 20.003
-46.4883 26.579
-49.9337 28.6211
-51.3764 27.1529
-48.8005 24.3599
-43.1759 24.7463
-39.9313 22.9056
-38.9884 19.0888
-37.5286 17.3232
-33.6411 25.6807
-29.9349 32.0189
-29.084 39.0602
-30.7485 50.5642
-33.28 59.2308
-34.7234 66.1329
-35.3298 72.1215
-34.0614 72.8635
-33.6904 75.4625
-35.9315 79.9614
-40.054 81.5627
-44.802 86.2864
-48.0997 89.4742
-50.2504 96.647
-52.1972 100.236
-55.3449 103.674
-58.1514 107.354
-56.633 110.903
-54.2959 121.136
-55.4346 126.987
-60.7263 134.132
-67.9265 138.812
-73.6594 141.403
-76.4246 147.541
-75.6242 150.399
-70.4663 145.96
-68.9162 152.721
-73.8671 151.572
-76.5972 149.172
-75.7638 151.38
-72.0471 146.213
-61.7656 139.529
-50.187 131.742
-47.3701 119.572
-53.7345 111.766
-68.5622 105.096
-84.2113 93.7308
-93.9975 91.5958
-96.3697 87.4245
-89.0752 80.7526
-78.7344 77.0224
-73.4221 69.8749
-72.4243 62.1441
-73.1358 58.1956
-72.8645 50.3788
-69.9134 41.7919
-64.1313 35.5541
-56.4131 29.848
-50.3921 20.1562
-45.4212 6.67678
-40.4771 -0.747703
-38.6159 -6.93124
-37.6105 -18.1925
-35.7567 -29.6343
-29.8208 -49.8624
-26.3535 -61.4996
-24.0668 -71.6106
-22.2725 -81.74
-21.0301 -89.6781
-22.3067 -96.843
-24.7245 -107.673
-25.7918 -118.788
-26.9104 -123.876
-27.9435 -130.058
-27.735 -133.974
-26.0865 -136.769
-24.0374 -140.192
-23.7343 -140.339
-24.1084 -140.576
-24.7825 -142.496
-26.7475 -143.986
-28.6206 -141.71
-27.2476 -136.901
-29.085 -132.019
-38.7262 -124.577
-47.1379 -118.92
-46.8259 -111.408
-39.5064 -105.202
-24.21 -100.658
-3.78308 -100.99
16.1015 -99.2788
29.012 -95.4262
34.2952 -96.6271
36.7592 -102.418
39.2584 -110.423
45.3627 -115.219
54.5348 -115.415
63.6271 -118.253
68.7983 -122.014
69.8949 -121.327
67.6148 -120.626
61.7035 -120.829
55.5436 -120.664
56.1031 -119.582
62.3299 -121.728
71.7203 -127.257
83.9452 -127.731
91.7091 -127.474
92.9908 -128.725
93.245 -132.932
92.463 -136.091
92.3121 -139.834
95.1496 -141.776
94.6844 -145.457
89.0792 -144.569
81.8975 -144.77
77.4572 -146.899
78.493 -143.954
84.6987 -142.601
93.3388 -140.859
100.213 -137.261
104.355 -134.174
104.746 -131.402
102.978 -132.747
102.497 -132.305
107.437 -129.165
114.714 -126.267
120.98 -125.556
125.654 -124.684
127.904 -121.118
128.711 -116.716
128.582 -115.222
130.372 -114.481
135.482 -114.056
141.292 -112.181
146.297 -109.752
148.924 -106.167
148.115 -99.8971
147.407 -95.0461
149.395 -88.7425
154.487 -82.3733
162.668 -77.8924
171.166 -71.2243
176.725 -68.791
180.113 -67.979
181.361 -63.2193
179.414 -59.6071
176.842 -55.3774
175.709 -55.1658
176.537 -51.2452
178.331 -47.9157
179.237 -42.3421
179.341 -34.294
184.024 -24.8283
189.338 -8.70721
188.514 2.17143
-241.5 236
179.258 22.9494
172.899 32.0905
165.902 39.0919
163.478 45.6438
164.905 54.0369
166.005 57.9718
166.436 63.157
165.117 67.3758
162.576 68.5774
157.552 69.7735
149.704 71.3841
140.209 74.3024
130.81 76.628
122.587 76.4244
115.378 78.2258
108.059 82.3949
99.0295 83.1545
88.1312 86.1321
75.5022 90.0914
64.2136 92.7519
55.1439 98.6729
47.3632 103.842
41.7955 107.827
38.094 107.555
35.6589 109.108
31.1377 111.239
24.0059 113.442
14.9371 117.315
5.62799 118.524
-3.53154 119.357
-12.5875 119.022
-20.5286 119.581
-27.4869 119.898
-35.2108 120.662
-42.2816 121.43
-48.661 120.938
-53.9775 116.405
-58.4825 110.144
-62.0386 108.276
-65.4406 105.023
-68.5925 105.114
-75.8797 104.87
-86.4949 99.3974
-96.2613 94.51
-106.025 88.9585
-116.428 83.3593
-133.087 76.567
-140.688 72.9279
-146.437 66.0264
-150.61 61.513
-158.368 57.5267
-169.849 50.146
-182.219 44.4493
-194.445 40.8711
-204.766 38.8646
-214.327 39.4116
-223.034 41.1839
17.1359 -3.83627
-221.377 42.8276
-212.581 46.6164
-204.867 52.0702
-201.488 56.0399
-200.538 55.9378
-199.347 54.1517
-197.044 57.5741
-194.482 59.7904
-191.94 61.6847
-190.426 60.6428
-190.346 60.0437
-189.257 62.4023
-185.694 60.6705
-178.726 57.1919
-168.328 54.2036
-160.326 51.0974
-156.972 44.8914
-152.289 37.4121
-147.122 34.1089
-144.31 31.1577
-141.347 28.2221
-136.572 29.5177
-135.741 26.5187
-145.77 25.2463
-159.583 21.542
-169.192 18.0408
-169.355 15.4913
-163.308 11.5789
-156.994 10.4365
-153.099 9.12371
-160.876 5.60112
-176.646 -1.11775
-186.979 -4.74087
-187.729 -2.82403
-178.607 -1.67948
-163.543 -1.85583
-147.666 -4.3574
-135.158 -6.45006
-125.65 -7.4026
-118.216 -7.9207
-111.139 -7.74775
-101.34 -7.18628
-89.2141 -7.04632
-75.1335 -3.71887
-60.3359 1.30516
-43.9567 8.10887
-10.3411 16.04
12.2737 19.0813
42.6638 19.8667
79.0624 16.7735
114.966 14.2673
-303.5 215.083
-284 211.5
-283.538 207.577
180.773 -0.94439
188.612 -4.97742
200.365 -6.17191
213.018 -8.11789
-18.2275 0.749101
-17.938 0.979973
-17.2358 1.07433
-16.393 1.46753
-15.9995 1.61337
-16.0636 1.48854
-16.6672 1.76612
-17.5548 2.08489
-18.0102 2.19384
-17.9503 2.21294
-17.5991 1.9481
-17.0431 1.78827
-17.2725 1.95451
-17.9354 2.05163
-18.6794 2.41105
-19.232 2.62396
-19.3268 2.52946
-19.3628 2.52532
-19.4178 2.53727
224.712 -40.424
216.623 -42.4034
207.016 -44.7266
197.301 -44.5082
188.803 -44.5439
183.298 -44.9494
177.387 -44.2919
169.129 -45.8985
156.816 -45.0707
144.181 -47.065
133.59 -46.0602
121.861 -42.9469
106.66 -40.9954
89.1418 -35.9375
70.1057 -31.4269
51.3176 -28.9973
31.7946 -23.8881
11.0103 -18.6868
-27.0369 -5.70906
-44.1672 -2.90251
-57.9388 -2.00916
-67.246 -2.29762
-71.8706 0.677708
-76.1382 1.01362
-84.0044 -4.94226
-96.2555 -19.3604
-111.885 -30.7717
-125.519 -31.9996
-128.998 -22.0072
-122.385 -9.94814
-108.222 2.79243
-88.2509 17.8002
-64.3807 29.4561
-39.8176 37.8718
-19.7253 41.9451
-4.39966 48.1623
4.25534 49.3095
4.24821 39.0557
2.03017 23.5759
4.04857 11.7977
15.9552 18.5268
34.9071 39.6714
53.7413 61.6863
65.5228 77.6746
69.7502 93.2831
69.48 101.245
69.0998 102.762
70.5311 110.05
73.4735 112.725
76.2779 115.873
76.0144 119.214
72.2423 124.472
68.5101 126.084
63.6953 126.318
57.3211 128.075
51.7388 126.663
48.4373 126.446
45.3251 127.049
41.9481 124.796
36.3018 115.459
27.9707 101.971
18.2121 83.465
6.36045 70.4007
-5.97961 62.6719
-12.8002 57.9224
-16.1053 52.1395
-19.7599 47.3935
-23.9395 40.4305
-28.1798 31.8791
-30.1869 22.9424
-29.6567 16.5381
-28.5842 12.8429
-26.9109 8.5522
-26.3741 6.38512
-29.2789 7.36501
-33.3725 6.52134
-37.6148 2.86267
-37.7366 -0.0464728
-33.6552 0.447559
-30.8186 1.71728
-28.8267 -0.658949
-27.6739 -1.90777
-27.1435 -6.2807
-25.166 -5.6214
-22.941 -3.70744
-23.1603 -0.94008
-26.6117 3.3201
-29.5205 5.34227
-29.4119 7.47663
-28.8299 9.92225
-29.4105 13.5061
-29.4438 15.6381
-29.2275 15.3755
-28.9033 15.6396
-26.4212 16.4736
-23.4883 19.6335
-22.5032 19.427
-21.604 18.5177
-19.2871 19.6901
-14.2306 17.3568
-8.36395 21.3691
-5.76575 23.4709
-5.94485 25.0281
-7.26397 28.0505
-11.2575 30.4107
-15.7687 30.0137
-15.0618 27.0874
-9.17925 25.8551
-1.30579 20.2804
8.12637 15.4312
13.3132 14.3048
11.2811 12.2821
6.08084 12.1125
3.06097 12.3869
3.77767 12.1695
8.84159 14.0721
16.8315 21.264
22.6991 27.4395
22.6087 33.1155
17.0483 37.0968
9.15747 35.3731
2.93654 34.9801
2.62357 35.5184
7.57831 41.9912
12.2147 48.9671
14.7185 52.3195
14.4451 53.6289
9.69576 54.6902
3.94331 53.0669
-0.115143 50.2421
-1.43231 48.8631
-3.19017 46.1132
-11.8197 45.9776
-26.0438 35.0686
-38.4098 26.7077
-43.7609 22.7086
-43.6067 17.6406
-40.9628 10.8364
-35.1657 7.05743
-30.1238 2.82933
-31.4141 -1.47542
-38.153 -3.00388
-48.38 -6.56028
-58.7772 -15.2376
-64.0681 -18.5457
-61.654 -23.925
-50.1907 -24.5784
-33.7321 -27.4259
-16.8045 -26.9481
-4.45279 -25.9673
1.16809 -26.9509
4.50007 -26.889
9.41286 -22.7384
15.4306 -17.7435
23.6883 -11.8804
33.9385 -6.54051
42.3255 -1.13962
47.6202 -0.227866
50.1036 -3.20876
49.9739 -12.6648
51.0865 -23.4401
53.9018 -30.4018
56.4296 -27.876
56.4082 -24.6671
54.4928 -20.8663
52.972 -15.9643
52.7402 -9.46333
52.3984 -1.90641
50.4389 0.834841
47.6345 -1.45121
44.4871 -3.18243
41.4788 -7.11378
38.0938 -9.62459
34.2388 -14.0398
30.9216 -17.9052
28.1204 -16.5628
24.9732 -16.742
24.1439 -18.35
24.9207 -19.8795
25.3136 -20.9877
25.3728 -25.8837
25.8349 -29.2534
25.6635 -34.6043
26.2564 -37.0833
26.9139 -38.939
25.8641 -40.4484
22.0394 -42.1538
17.0683 -44.6517
11.5084 -46.7984
5.59985 -49.9113
1.92264 -52.6386
1.56772 -56.3201
2.52457 -54.6142
2.75504 -56.7976
1.94822 -60.2682
-1.20764 -63.2334
-6.16516 -69.4222
-11.0314 -74.0248
-15.0777 -78.1224
-16.1192 -80.5255
-13.1968 -79.2448
-8.55277 -74.7029
-4.68019 -65.4831
-3.22865 -60.0861
-3.94392 -55.9646
-6.78449 -52.831
-8.60002 -51.7428
-9.16692 -46.102
-9.17626 -41.1397
-7.33645 -35.1611
-4.28204 -27.5566
-1.55429 -24.5092
-1.41049 -22.6996
-4.18201 -22.7712
-7.83934 -21.7113
-9.37245 -18.7947
-6.08623 -17.6913
-0.0321988 -15.8136
4.28362 -14.3942
5.79462 -10.5871
3.5185 -5.67344
-1.85946 -3.70314
-6.84696 6.02546
-10.1872 13.1127
-10.7168 16.7785
-9.48913 19.7488
-8.98008 19.2529
-10.9427 24.6947
-18.8969 30.913
-32.3224 38.0712
-46.5279 40.4978
-56.8105 39.74
-63.7601 40.3503
-69.0558 39.4118
-70.9028 36.4569
-72.1916 39.7209
-75.4187 39.5446
-77.6357 38.7769
-79.4676 40.1718
-81.8311 36.7438
-83.6197 32.9179
-82.2961 31.0827
-78.777 27.3359
-75.8593 22.6692
-73.8793 16.9413
-71.2727 6.83025
-69.1341 -6.01558
-69.7676 -13.4768
-72.1027 -20.1299
-73.6266 -26.1865
-73.7275 -29.3381
-74.0438 -35.2292
-80.464 -41.6371
-93.2122 -41.8902
-107.323 -39.3394
-121.475 -35.2731
-137.633 -31.5708
-157.123 -29.3525
-183.375 -26.826
24.9146 1.75369
24.519 0.715279
23.924 -0.0689456
23.7138 -0.466578
24.4273 -0.71249
24.3046 -0.531634
-201.974 -2.89939
-194.846 -3.72598
-192.987 -3.59767
-193.467 -2.04857
-190.624 -1.68474
-182.334 -0.801995
-170.865 2.02387
-160.048 3.57094
-152.212 4.29294
-148.24 3.60774
-145.942 2.77189
-142.005 2.06612
-134.894 3.90203
-125.085 6.14667
-112.529 6.94593
-97.9993 6.92788
-85.2359 6.77865
-75.8793 3.52581
-67.238 1.16843
-59.2684 0.393536
-53.0381 -5.5933
-46.0862 -13.6384
-37.2275 -17.7996
-27.434 -20.3104
-18.4181 -22.8103
-11.7163 -26.5924
-5.88847 -35.1572
1.10086 -45.2197
8.87198 -55.1936
16.1852 -63.0317
24.5288 -70.4426
34.3444 -75.5347
43.593 -80.332
49.0385 -87.539
49.5195 -94.5305
46.6983 -101.122
43.4839 -109.507
42.247 -117.135
44.483 -123.631
50.0743 -128.126
56.181 -131.253
60.0537 -135.01
60.1246 -134.981
56.1927 -136.306
50.9967 -135.571
46.5293 -133.422
43.9117 -128.755
43.9851 -118.27
45.5803 -104.296
46.2098 -92.8285
45.5343 -81.3744
43.6447 -71.2117
40.3693 -58.9508
37.278 -46.1947
36.3787 -35.5214
38.2712 -26.7781
41.9569 -18.293
44.2283 -9.97262
43.7186 -1.11493
40.475 5.972
36.2804 11.7059
31.6564 15.5496
27.0703 18.1135
22.1779 21.609
16.6935 26.5983
10.7911 33.6325
5.00511 37.5835
-1.08175 40.4822
-7.29295 43.4785
-13.5023 51.2573
-21.137 52.8885
-28.9526 52.5778
-36.1105 53.7998
-40.9924 53.4572
-42.9442 56.4789
-45.0559 57.308
-50.0916 56.9594
-57.6556 58.6883
-65.6371 59.9925
-72.4894 58.7177
-77.3462 59.1737
-80.9144 61.017
-83.1661 62.5331
-86.0543 62.881
-91.0226 60.7433
-96.5307 58.4448
-101.324 58.2743
-105.179 57.6253
-108.276 59.4795
-110.387 65.28
-112.597 66.8914
-113.39 75.1931
-113.386 82.2287
-113.73 92.4997
-114.651 100.938
-115.186 106.309
-115.045 111.979
-113.935 115.837
-111.952 117.639
-110.629 121.433
-111.107 124.442
-113.101 123.957
-115.763 123.625
-120.808 123.791
-129.183 121.691
-139.599 117.725
-149.872 118.003
-157.083 122.43
-160.632 125.206
-159.781 123.836
-155.077 123.652
-151.121 122.057
-151.225 113.005
-156.725 104.624
-166.031 97.9091
-174.948 90.5813
-180.584 83.5995
-181.149 76.1081
-177.509 69.5605
-172.84 62.9461
-169.398 57.6337
-167.936 49.615
-168.397 43.2826
-169.817 34.9122
-171.169 27.5819
-171.688 23.5349
-172.359 16.9642
-172.624 12.3536
-172.843 8.1565
-173.317 0.953496
-174.563 -7.81109
-176.398 -15.8541
-178.378 -23.9497
-180.744 -32.6524
-183.908 -44.377
-188.394 -54.2659
-194.615 -63.1166
25.6913 8.45164
26.4592 9.34915
26.757 9.91688
27.0892 10.4808
26.9396 10.7831
26.9437 11.3045
26.5373 11.9906
26.5912 12.7814
26.6195 13.0074
26.3908 12.9415
26.8604 13.5139
27.0588 14.0802
27.1636 15.3514
-200.467 -125.014
-190.898 -127.32
-182.033 -129.836
-172.154 -129.685
-162.229 -127.887
-154.112 -126.682
-148.766 -129.191
-144.701 -129.536
-140.773 -128.022
-136.334 -125.807
-132.218 -125.683
-128.055 -127.242
-124.589 -130.406
-121.181 -133.723
-115.596 -136.431
-106.464 -136.912
-93.3439 -131.295
-79.5305 -126.028
-66.3431 -123.462
-53.937 -122.695
-42.3462 -122.431
-32.2181 -124.715
-23.4778 -124.353
-15.1701 -123.197
-5.47958 -122.098
5.51572 -118.555
17.6187 -114.708
30.7347 -111.128
44.7407 -109.592
56.6272 -107.76
65.8886 -108.429
74.6107 -109.329
84.5467 -111.332
97.4988 -112.107
112.237 -115.131
126.967 -117.027
139.953 -117.187
150.399 -116.284
159.471 -115.485
168.947 -113.324
179.76 -113.73
191.467 -116.502
202.43 -119.051
-27.8313 15.8888
-27.8492 16.6889
-28.1456 17.4777
205.79 -140.284
-287.5 199
195.143 -141.397
192.13 -142.596
188.228 -139.072
180.429 -131.389
168.071 -121.65
153.548 -111.414
139.483 -100.207
128.055 -89.3868
119.534 -79.7172
113.549 -70.6588
110.11 -59.7749
107.435 -48.7281
102.036 -41.6139
94.1284 -31.565
86.6157 -17.9131
80.1501 -8.77889
74.7926 -0.533141
71.4246 7.01342
70.1502 14.8146
69.4436 23.791
68.0691 29.9641
66.7139 36.9605
66.8938 45.2848
68.7439 50.0643
73.0856 54.3698
80.6888 60.547
87.5186 65.9863
92.9315 72.6715
98.3807 82.1638
104.032 90.0255
109.934 93.6732
116.063 97.0759
122.827 98.7173
129.82 99.8649
135.816 99.3794
139.952 94.3852
141.804 92.4299
140.789 92.4077
138.036 91.8633
135.667 91.0527
135.839 90.6904
140.015 89.0922
147.541 85.0166
156.379 79.9411
162.439 73.1662
160.868 71.074
150.922 71.9419
136.507 70.5428
122.765 71.8468
111.773 74.3811
103.169 75.815
95.0753 75.5123
86.852 72.9561
77.7039 72.5108
66.4182 73.4687
53.463 71.6516
40.5128 70.1034
28.3853 69.2618
15.8713 66.8645
2.85292 64.0533
-8.87947 62.7261
-19.9236 61.836
-30.131 61.6553
-39.157 60.7869
-46.9652 60.9902
-52.8426 60.64
-56.5205 62.4868
-59.6314 62.7514
-62.8113 60.762
-66.1898 56.6321
-70.1119 53.0087
-74.9761 49.1901
-79.0121 46.6089
-81.3915 45.9323
-83.74 44.012
-85.0771 40.6068
-83.4357 38.087
-78.1752 33.1208
-71.6107 27.1933
-67.9729 23.2915
-68.7599 20.0709
-73.076 17.8091
-77.7799 18.7759
-80.5937 16.0715
-80.5458 11.5118
-77.8403 8.8622
-73.4762 6.71385
-68.5031 3.70843
-64.0545 2.37928
-60.2317 -0.173712
-56.6464 -2.32322
-53.0177 -2.46708
-49.8303 -3.54248
-46.647 -6.21603
-43.6157 -6.64854
-41.4358 -2.00261
-41.1878 3.53196
-42.834 0.500574
-46.3818 -3.18039
-50.6325 -4.93601
-54.2905 -12.5194
-56.7229 -19.512
-57.8382 -25.7259
-58.5189 -31.1899
-59.6161 -39.279
-62.4375 -46.6795
-66.4347 -57.0898
-69.5907 -73.2515
-70.9433 -89.4913
-70.1443 -105.606
-66.8413 -123.302
-63.3215 -139.394
7.85588 20.8563
6.77207 20.4183
5.86414 19.612
5.43643 18.4457
5.22774 16.7869
5.70525 15.8468
6.77334 15.4892
6.47575 13.1601
9.86758 17.7369
9.41737 16.7078
8.01702 14.6628
6.63156 12.3864
-nan -nan
